A = 1.5419; -0.6740477
B = 0.4677826; -0.7700725; 0.4344376
input = [-10,10]
init_outputs = 0.0;0.0
init_inputs = 0.0;0.0
output = [-15,15]
