A = 0.782095198023; -0.679978526916; 0.182675697753; 0.0301188750432
B = 0.0465829066364; 0.186331626546; 0.279497439819; 0.186331626546; 0.0465829066364
input = [-1.0,1.0]
init_outputs = 0;0;0;0
init_inputs = 0;0;0;0
output = [-1.73,1.73]