A = 0.375; -0.1875
B = 0.21875; 0.40625; 0.21875
input = [-1.6,1.6]
init_outputs = 0.0;0.0
init_inputs = 0.0;0.0
output = [-2.16,2.16]