A = 1.58818298307; -1.74438268042; 1.01714241128; -0.30796647963
B = 0.027571327442; 0.0994611457708; 0.144345404113; 0.0994611457708; 0.027571327442
input = [-1.0,1.0]
init_outputs = 0;0;0;0
init_inputs = 0;0;0;0
output = [-2.146,2.146]