A = 2.74455770516; -4.4951584809; 4.64920437515; -3.22997842588; 1.40888426481; -0.314518682865
B = 0.00712060171313; 0.0242972981809; 0.0461341337194; 0.0561306443095; 0.0461341337194;0.0242972981809; 0.00712060171313
input = [-1.0,1.0]
init_outputs = 0;0;0;0;0;0
init_inputs = 0;0;0;0;0;0
output = [-3,3]